0000000000000000000000000000000000000000000000000000000000000000
0000000000000000000000000000000000000000000000000000000000000000
0000000000000000000000000000000000000000000000000000000000000000
0000000000000000000000000000000000000000000000000000000000000000
0000000000000000000000000000001111111111111100000000000000000000
0000000000000000000000000000001111111111111100000000000000000000
0000000000000000000000001111111111111111111111111111110000000000
0000000000000000000000001111111111111111111111111111110000000000
0000000000000000000011111111000000001111111111111111110000000000
0000000000000000000011111111000000001111111111111111110000000000
0000000000000000111111110000000000000000001111111111110000000000
0000000000000000111111110000000000000000001111111111110000000000
0000000000000011111100000000000000000000000011111111110000000000
0000000000000011111100000000000000000000000011111111110000000000
0000000000001111111100000000000000000000000011111111110000000000
0000000000001111111100000000000000000000000011111111110000000000
0000000000111111110000000000000000000000000011111111110000000000
0000000000111111110000000000000000000000000011111111110000000000
0000000011111111000000000000000000000000000011111111110000000000
0000000011111111000000000000000000000000000011111111110000000000
0000000011111111000000000000000000000000000011111111110000000000
0000000011111111000000000000000000000000000011111111110000000000
0000001111111100000000000000000000000000000011111111110000000000
0000001111111100000000000000000000000000000011111111110000000000
0000001111111100000000000000000000000000000011111111110000000000
0000001111111100000000000000000000000000000011111111110000000000
0000111111111100000000000000000000000000000011111111110000000000
0000111111111100000000000000000000000000000011111111110000000000
0000111111111100000000000000000000000000000011111111110000000000
0000111111111100000000000000000000000000000011111111110000000000
0000111111111100000000000000000000000000000011111111110000000000
0000111111111100000000000000000000000000000011111111110000000000
0000111111111100000000000000000000000000000011111111110000000000
0000111111111100000000000000000000000000000011111111110000000000
0000111111111100000000000000000000000000000011111111110000000000
0000111111111100000000000000000000000000000011111111110000000000
0000111111111100000000000000000000000000000011111111110000000000
0000111111111100000000000000000000000000000011111111110000000000
0000111111111100000000000000000000000000000011111111110000000000
0000111111111100000000000000000000000000000011111111110000000000
0000111111111100000000000000000000000000000011111111110000000000
0000111111111100000000000000000000000000000011111111110000000000
0000111111111111000000000000000000000000000011111111110000000000
0000111111111111000000000000000000000000000011111111110000000000
0000111111111111000000000000000000000000000011111111110000000000
0000111111111111000000000000000000000000000011111111110000000000
0000001111111111110000000000000000000000000011111111110000000000
0000001111111111110000000000000000000000000011111111110000000000
0000001111111111110000000000000000000000000011111111110000000000
0000001111111111110000000000000000000000000011111111110000000000
0000000011111111111100000000000000000000000011111111110000000000
0000000011111111111100000000000000000000000011111111110000000000
0000000011111111111111000000000000000000000011111111110000000000
0000000011111111111111000000000000000000000011111111110000000000
0000000000111111111111110000000000000000000011111111110000000000
0000000000111111111111110000000000000000000011111111110000000000
0000000000001111111111111111000000000000001111111111110000000000
0000000000001111111111111111000000000000001111111111110000000000
0000000000000011111111111111111111111111111111111111110000000000
0000000000000011111111111111111111111111111111111111110000000000
0000000000000000001111111111111111111111000011111111110000000000
0000000000000000001111111111111111111111000011111111110000000000
0000000000000000000000001111111111000000000011111111110000000000
0000000000000000000000001111111111000000000011111111110000000000
0000000000000000000000000000000000000000000011111111110000000000
0000000000000000000000000000000000000000000011111111110000000000
0000000000000000000000000000000000000000000011111111110000000000
0000000000000000000000000000000000000000000011111111110000000000
0000000000000000000000000000000000000000000011111111110000000000
0000000000000000000000000000000000000000000011111111110000000000
0000000000000000000000000000000000000000000011111111110000000000
0000000000000000000000000000000000000000000011111111110000000000
0000000000000000000000000000000000000000000011111111110000000000
0000000000000000000000000000000000000000000011111111110000000000
0000000000000000000000000000000000000000000011111111110000000000
0000000000000000000000000000000000000000000011111111110000000000
0000000000000000000000000000000000000000000011111111110000000000
0000000000000000000000000000000000000000000011111111110000000000
0000000000000000000000000000000000000000000011111111110000000000
0000000000000000000000000000000000000000000011111111110000000000
0000000000000000000000000000000000000000000011111111110000000000
0000000000000000000000000000000000000000000011111111110000000000
0000000000000000000000000000000000000000000011111111110000000000
0000000000000000000000000000000000000000000011111111110000000000
0000000000000000000000000000000000000000000011111111110000000000
0000000000000000000000000000000000000000000011111111110000000000
0000000000000000000000000000000000000000001111111111111100000000
0000000000000000000000000000000000000000001111111111111100000000
0000000000000000000000000000000000001111111111111111111111110000
0000000000000000000000000000000000001111111111111111111111110000
0000000000000000000000000000000000111111111111111111111111111100
0000000000000000000000000000000000111111111111111111111111111100
0000000000000000000000000000000000000000000000000000000000000000
0000000000000000000000000000000000000000000000000000000000000000
0000000000000000000000000000000000000000000000000000000000000000
0000000000000000000000000000000000000000000000000000000000000000
