1000
-1551958447
-956496395
-115368363
-116170081
6067924
1465012872
1269058595
-745462433
121916372
-979161761
-1060764892
1211473295
-2086451257
-107165249
526195522
1517805746
621884118
1427460652
-91708607
830180769
614838629
1830168244
1584469874
19294727
-1264776643
424105105
1994044793
-1335907791
-408786642
200825303
1167795935
2066747489
1213403890
-1648958728
1878331434
823515923
1754315300
-400059474
-57152395
-665284259
-1508826564
-374748891
659894955
-2054609385
2067747817
-1508271680
-570222358
1727659923
-1606483044
-445406757
688598863
-1377470736
-1054512474
-1245202414
34696824
1080968342
908971398
-1655074964
1034394789
-112591944
-2074092055
-539893403
555083204
-1204106360
-1038202410
-1862297128
83719475
-1732149010
-1625485805
-357605688
-807062502
1388442146
-3168089
-1116688883
109944634
-1079983988
-418421394
610620710
1219616355
-846908258
-1810082789
-1570269911
790830199
1576427699
-920781158
-663960315
-1352613150
1953922983
1285164588
420617291
617013727
1160470040
910587186
1569915709
-1557247504
-733531843
1634870740
-1505369879
-131225441
-500327852
-87568363
-252037925
-532232462
-1778470824
-1449377166
2030803476
562528167
1877963516
-772358255
1244488031
-649229189
-1704955692
1581547734
-1969244909
641058772
-1951150551
777509957
1952518853
1574868032
-1214215877
1108844976
2041034465
-311590725
1026795787
1576606047
-1169817384
-22951711
1345387342
1827104363
406807424
1233909586
-1854319916
-2026442714
-613545479
-1317435615
-1112413122
-1242013536
-731322218
1904102157
444341070
-1796170683
-1133501270
1866937048
901904380
910165170
-845947668
626052864
578804679
1757886130
1578931258
-1033461433
1783932798
1258126350
-747024771
1604528370
834907374
-481919450
1950055368
476881484
-1023260711
1833518699
2013536527
-332468129
154449375
-1559811958
-2011258825
1059783479
1394699515
-1222972874
-1985569826
-842248840
-1655234869
1324190899
-2063926649
-1351205559
-1241191648
982190838
1398303223
1520945561
-725024719
-1036077931
381957700
2097045861
-397914460
-586193731
665030493
-1107250434
-986493836
-446237663
-2031637641
1959709428
1474553176
785079889
1528436593
-1285936363
20259344
-783054458
-1203075159
89369072
-1961896929
1320600520
585673832
442409268
1591963517
1944694164
1406080051
-1889788799
-78534370
1685696797
973662275
883116346
166986043
-1366589227
-1939677649
780155682
-1036735980
298518346
35317145
1120539537
-1979156658
-502267561
1000134358
-1089871475
677922030
391385240
363059282
-347796938
926602763
-1243711140
-1118298525
1120966886
336970494
1364186711
2078060135
2124037165
1214149363
1931223704
-421342704
-1301180299
-1905561871
432430755
559659172
1701828991
-1932592472
-1405313197
-611725771
-1211393226
1860073657
-788714016
-2013551462
2121424572
1675590186
571771766
-633586205
535995428
-538606325
797149629
-734512989
-540842716
-531494940
1430604718
1387097991
1463047671
406800095
-1262683251
820099660
-517268112
915184226
510046716
363752220
1062230840
-407304307
1960363269
-324814789
-17629188
284881777
98281647
1131082528
-347222329
1811357520
596711360
-1590012398
-1868679837
-835540930
613535105
1478051785
351403364
660606329
-440057915
807606847
-169961147
629600400
-1351332694
-555296770
-32686333
-1079406096
-621383446
189510210
1581198712
-656119446
-1357614076
334812707
-1555936482
-1934238745
-1535958974
-1609978962
-1977367653
1007449298
1179466219
-2099684538
1987169612
50164030
-710475302
-1239784541
-53194066
-804418373
-1759431173
639503174
1161717134
784295045
983725198
45930659
-1643738629
1772710322
239490390
-320815864
-922751956
854364444
-1017790782
-858327670
-633008128
309271131
369380052
-112749425
-45524196
1268321551
611972170
1411968760
-531630143
1902703816
1671504158
-296171399
-1034633183
-23509005
252622159
-543100896
-977016566
874750080
-1922396223
455746048
-951955968
78301735
-1219637555
-813227062
876437333
-515854286
-1350267755
2128095830
1710219866
-52800144
-1272999911
-1154861331
-818558790
1285282430
-1723396799
440015218
-1038511516
-951062111
-179933734
1907980899
-895145772
-1148690590
1970312452
-1837125234
1354066382
-2069913417
-1805547318
1651766179
302436773
689190206
-1982437740
-1204818788
1559253524
-801860201
-339167909
-856346787
-1293759304
1100206384
1295841617
1489205768
-1939085928
1780700921
-1824717324
1997440582
-83774053
-1927450058
-1035399675
-1842790546
-1459776355
85452054
808358606
-1734781758
-1354634954
228485024
-2080110169
-463355494
1726285300
-662369408
1679001560
1610631377
-2041995643
-168888651
-2099398
-398448860
-175132454
-231494488
-911990624
1365848983
-1976532088
-1844338213
-1501527236
-432734202
639370205
1961874656
2095794345
-293825594
1407625850
-631958795
-1103634627
908735293
-1099502744
930132032
-1850481085
-161187893
1364799156
358415130
104976345
1334382161
367765806
-248850236
553596208
525148822
-291177621
-188446323
-314928010
1881791957
1290816659
1990554879
1907218401
-1623217341
1818247042
-267233528
-2054241664
499498009
1135820947
-1726547156
-521948859
1944794908
-125833887
-1325314829
-1187627346
129119711
755038613
-2147283176
-895259759
-195193333
1498972294
2078789209
-513136192
-1210545950
-1907802712
1371982090
-1214240570
-878945824
-1939452685
-776231043
2053462260
1453457339
-767199159
-610705772
-10872484
-635786690
1442839299
836937205
-491857217
-981131343
-597740647
-279669088
459901245
-1838560535
-958625778
897883293
1696825318
166821605
2025309366
-1252821531
977844832
-962067242
-623142876
-490935976
-1035462730
1258415033
-2127469133
-1091292534
889704435
1222642328
-1239097089
61279558
-402739775
1619168762
1085265902
-528649385
313428004
390670930
-1808967574
648776553
-902154179
-1327812745
1910897973
-1534928655
-1574829868
-629229144
-1391790477
-469461126
1740534457
1393735353
1241594457
-900186341
853445901
1902000255
2104506963
-836619091
-74124978
2013622542
926241770
-191842828
746883926
340039980
-1794815116
-1482978440
1653064361
-718227966
-868658835
-1872350403
-933954269
1064015896
-574535639
-1351537055
45376193
-208937652
1700627160
1228473454
-1403208066
1390992651
466825358
-758437780
1350310408
738949064
-83245272
744111186
-1620596722
533688481
63522693
-1806476710
2072804406
-902229513
-1640360971
1073116759
-1401257824
80522504
-1148557770
-272494613
1586167661
446195508
-554309379
-1355143621
2046715724
-2144220864
-180099170
1150694115
-966254073
-890412730
677013293
-683239945
-1722313534
-106691931
1841664016
1955638420
-858611727
2101300862
-1739831439
1727923566
-702787722
2037466171
-430299408
-1338319086
447384976
-1984289685
2081634699
-1686875108
549661708
1488958295
-1310306007
-1819304890
-1282951110
635276038
1662563993
-761531837
-1729269740
-1952935927
807612371
174697346
-1482148645
379993736
-868683279
-1052992107
-1472799066
-1129266548
-1458308400
-586656849
654940426
-597866824
-135908316
-245794628
32011857
929539578
-569651855
209222262
1427884414
-338652320
1992748359
1630103103
-241572694
1749297990
-1211403727
-2129605954
1297007858
-1693502689
-740543666
-476095669
-1180639545
-932544361
-763092679
-950696390
1570727426
2069114379
1556362588
594647585
930386642
707773827
1693296392
1616289175
-245728053
1851664528
1946853145
1170968289
1590678211
-325573257
1563005342
200192395
-1838538938
144803349
-75534874
2139439860
1240326459
1605543424
-71469774
-169823353
-1037470251
744076850
527315626
604093626
1055951280
-1183937217
1061978072
768482813
666145869
-1405340461
1422390509
-337600440
1020557474
1928744884
-1525139126
-1771653426
-1986676428
-82902723
875133090
1431587665
2123053406
1147893909
-533802457
-54626167
-1346678273
963493600
993299681
-1060831630
-580393910
711509682
-2015212529
219288364
-139957423
-1865957987
-759913437
-20075992
-728695244
1180838315
-258533284
628710003
969860544
-1503765980
-1547484833
2043913146
-997463495
-2017077298
299691860
-992311791
-1233942027
-1976864846
1897511125
-1042435488
-974874523
1004759241
597375197
-1041727368
862008847
534536173
-1208687736
1048019867
1984393924
1310474888
-1538052435
1010857254
-751881144
-707256033
1906202022
-860705307
-1554353162
-1766806996
-2067883206
-1784361842
-669946904
1789034498
1738563154
1680603315
-2003253053
-314846505
-1134814720
-131464345
-495127853
765404059
2067651084
1864141018
660038904
-1667950034
854318660
1723784969
-1044948896
133129256
-1975474619
1998834853
-1558878304
-1991106733
-286418192
-650502195
-1068433539
-379743001
1423492962
208172430
-176747749
886340328
347193306
-1686630216
-1764983569
-1543916941
1998780893
-952603441
401683454
94490311
5679573
1014341629
-1409184368
380039448
-1962307747
1606046218
1228112624
-452623452
-1860846508
-180923719
-1997757296
673544317
1165899653
-277873209
-1382238343
1920760397
391883588
1209746463
520351308
-1726167157
-796521068
-102721086
868143833
1746136722
491797372
-1146361408
-1353990247
-110834792
1623593245
1462913470
2024533257
-985141045
239170543
1337603301
1398765070
556081967
-1600203511
-1326342205
-243817728
932907794
1880066224
-472101773
917230651
-1371339737
1514504883
-94268386
-518867252
1597504149
-1202690571
1179783863
-507329103
1246366307
806203937
450800695
732202595
-1120524415
-1010603081
-162493094
1825899477
-1262521470
-1291550192
-1901040871
422497623
-265716386
1951512427
-515870239
-363745861
1943590478
1234686308
1733414015
1599723683
-1117307552
-20301548
783777063
1667612349
2037841702
-1992483360
-1601073966
-1040542307
-1194614448
486400385
483344326
1750823880
-2050889293
1135311837
1672393093
383138302
-1824469594
-779026651
671092935
-220114713
1340727229
-633631791
-1480953656
-1798687206
-1951026999
1862607203
-369262710
-1309780815
-86644959
-1651459654
99553755
-2023630165
-959849907
-891752956
-847206241
840233394
-1490699601
1303565993
-1149739943
-63997457
1866249676
-1177414595
-1938178328
-1487475698
261161889
-1089822459
981385779
-372630055
1035782096
830943696
108871406
-781569518
891415056
944800185
2112353596
-1061708210
-384904483
265853173
-1725686455
1690668905
-1556933456
-750159352
1745685855
-1451539603
215943415
-380401532
-1780830600
765750741
-1744192326
1690286890
-478456538
1090682937
350626066
1120787692
1655967354
166821387
1617030089
362218712
-552602703
-1618099545
637417100
1763398083
487230823
244422159
68000098
-1226608232
1789076865
266378677
1691117199
1194803003
-159092140
-160593615
1038368779
368420567
2073689621
-1832739289
601592599
-857538312
1578974439
-1160601059
-1873158129
1239467134
138303571
625297111
-1566757808
-1245811479
1662656951
1547173710
645945907
-910471376
731946979
-168678417
1998908987
-2122777936
-1838337663
-605218618
351210913
1519508505
1743200401
-1796346094
-403953578
417951571
1264802851
482624445
2040855422
799856959
349603082
1883185825
-444808383
1064086077
-205499594
546182809
-1951642687
1530462594
-1853267357
538956264
886379218
1030858338
716797595
-820956918
776948810
-289030206
-838233852
1004927178
1303064713
-993684243
-434312833
1067141929
-774412472
-1713702567
-521308409